Input:133 | Hide:23 | Out: 9 | AP:19 | 0.9933370349805664 | 
0.07932196510314504 -0.21340718702235537 -0.06599574648554822 -0.1066685321348942 -0.04958765209945855 0.21025644733412174 0.03586717657691248 -0.08003660199528222 -0.391422933642309 0.325796833132243 -0.03819473395185292 0.2238329820426721 -0.3686160012163187 -0.15596345348201562 0.005221963169972174 0.11232418082435572 0.31540070091422967 -0.31673921615135436 0.06587115512094643 0.1038713269844095 -0.23880231336322028 0.048727662042077645 0.21451528172551346 
0.004792490228532198 -0.07602054019581751 0.026776190945422117 -0.03777131515114094 0.034102300956705 0.042011008003540885 -0.003514905411761147 -0.01965830206072511 0.0349197645311071 0.014191235923203059 -0.04257958525524912 0.07425283053202102 -0.15748281906757883 0.08262095455394129 -0.08906907328207857 0.041847532820624346 -0.03271141144958594 -0.0921987011269761 0.02665665333033791 0.05775046940748137 0.04877118384253754 0.07187295771088395 0.02268912431995559 
0.1331456303273214 0.05846258402087898 0.0463667337344028 0.021316954857102964 -0.12559642903989937 -0.07929606453046757 -0.08984531968672804 -0.07873508402097104 -0.05215909598234002 0.00020805899785179848 -0.20330541799400523 -0.001242453890561918 0.004199707618516577 0.06281990888207324 -0.05907141814564042 0.007336202531259294 -0.04089287689386049 -0.014211364588602522 -0.08889469593797515 0.06762042319186776 -0.058270215574494376 0.10397807574923845 -0.10340250909306897 
0.10259836722792659 0.06915771443981336 -0.09454576192537335 -0.01717351558027356 -0.026404724001900075 -0.016221624324318645 0.03414336975858244 0.06310629744042127 0.09589173814478937 0.03698030889862614 -0.07900774177153494 0.09084908725651743 0.06800283205865058 -0.06044242421521002 0.09204898802245255 0.015841069092040718 0.04016573436462262 0.031559856133407845 -0.02557621211941424 -0.057318724959435206 -0.03597495316256878 0.05698944384400434 0.01758218214300666 
-0.058438870128719116 -0.07551024491359573 -0.037160864850592355 -0.02833120955179571 -0.003728491864174514 0.025654990953337772 -0.023970590973670585 -0.017717154826572806 0.06746830153568778 -0.06595403862406679 0.03120571674108168 0.04068367374072977 -0.00023561431864804313 0.03571267303678894 0.09512607503009596 0.03942817238989875 -0.06836609723383269 -0.022954525707424494 0.057938391433472826 0.04901372727667542 0.027950460384114206 0.006176507912083305 -0.055103935640118264 
0.1801476363011039 0.05565175082178747 0.048398039341634454 0.015434991509922452 -0.07763979327978159 -0.05124813475730757 -0.12326176640014198 -0.07283874437618762 -0.10215277589715482 -0.02172701738343718 -0.03297955281558725 0.02115178293749963 0.01000561872311397 0.029861739722427127 0.017335668975755298 -0.047082332394636085 -0.06311371731907246 -0.09375377116756332 0.05418199981587699 -0.08053580382970411 -0.07621747754093487 0.04441633748646665 0.02845602008117579 
0.1731723511316184 -0.028527390878720752 -0.0799339640829848 -0.09182318644836704 -0.10227211417732271 -0.15316635751492336 -0.11071995150209699 0.018520789153539413 -0.055338104667151326 -0.045444926769677076 -0.16256361452908055 -0.03690198916560298 -0.048636319405953726 -0.0006099854843325163 -0.07274799704143335 0.060203654223198615 -0.05352528785002659 -0.08017349228688274 -0.09914317252607709 -0.017863912207170124 -0.07768126904178216 0.174048304678863 0.006111056870890483 
-0.4362495503194252 -0.1709320420572246 -0.18473943517320204 -0.24659669932429334 0.16417690771221452 0.05747551107773518 0.07588244358932508 0.25008744857343973 -0.3176400934858896 0.05029005090341922 0.38850600217427406 0.463324557379053 0.06788605089363486 -0.1955583854961137 0.10211324906418356 -0.1624313000704162 0.6227782250826004 -0.38118343311588915 -0.06300742598318455 0.08810610728052938 -0.17111822544409935 -0.08954587102610899 0.0931289305969482 
-0.19033926630268366 -0.4020768717629963 -0.17262561068580037 0.15569647896885813 -0.14634318332601481 0.3574777692527883 0.1658814771067834 0.2431929135948098 0.07108805622615526 -0.04823923720582655 0.45430789250469844 0.08515070812660837 -0.11423432796949597 -0.15591104957668284 -0.4266279668570951 -0.27135399259897963 0.18117041365175565 -0.31576492660961814 -0.3363440867735498 -0.6712508156178641 0.423121826795152 -0.4516511279091303 0.3419420679710044 
-0.09264635745808333 -0.4534634320285062 -0.043247551308449025 0.1760150623186685 -0.07459870169724525 0.1928837036390771 0.20256158478390043 0.1513311527447248 0.3894206070879097 0.04921228203073209 0.48991786486269084 -0.3090152474368129 -0.3638709657867904 -0.24088706709243782 -0.47956159481570715 -0.4152213548919447 -0.02301430968818045 -0.6438053728615997 -0.330375635995531 -0.9452844535054186 0.5749187945983645 -0.46750179326312913 0.48963146541775565 
0.11065159667744022 0.12800132323146832 -0.029591771178643332 0.005533511088712899 0.10150776704374781 -0.15520397439781103 -0.09490885048883231 -0.10669909046851318 -0.028934225205315908 0.02072384338212071 -0.13958477745450376 -0.1346094469707034 -0.04490710808241561 -0.04489027007180895 -0.03778473996398843 0.03517266569371723 -0.10892118411507638 -0.062005287820198075 0.12564151047009606 0.15109826639831658 -0.05546607545662336 0.07330598056255315 0.0672918456108972 
-0.21856666402739944 0.04967536354634119 0.15044916119850027 0.10590111234152753 -0.05542209990321627 -0.15645928127642264 -0.08319359583028989 -0.018915159341617378 -0.1761760665652071 -0.009761049658441974 -0.19269234130467996 0.1933462297585686 0.1859301506472028 0.04199285159691418 0.09860732259986119 0.05481719964359678 -0.01901381434304475 0.09275139952020751 -0.17174750847263692 0.14832407377043824 0.03928242404791822 0.03204071783559238 -0.024624704951093007 
-0.09071314778909523 -0.3071730123283204 -0.14288777250382237 -0.06438091304471144 -0.2015855730205595 0.2664643373547778 0.07189692079084446 0.242479762195873 0.04161030623913081 0.05697042868279124 0.18774808919203106 0.03394494138066145 0.021707127250287752 -0.0822636476223995 -0.1699986620053869 -0.2857386399666325 0.22500277094664375 -0.2530498883809308 -0.2068711380659443 -0.33559852625285985 0.2487540862409748 -0.3121585831585832 0.06223673890332167 
0.0028741462771153755 -0.3950833525271644 -0.09058921753407727 0.23358582518388338 -0.12666347222406651 0.2770578574951413 0.2784453196085085 -0.001717026617475688 0.5000823033550802 0.1582828026052272 0.5017808962663453 -0.1429817039675767 -0.26505478620496886 -0.3545999607032269 -0.4418445235822304 -0.4122134378227288 -0.013159170340370245 -0.6387387849376127 -0.34322992318711293 -0.960984577503197 0.7584016588264529 -0.3706623371355273 0.44864183907183286 
-0.10257869163595425 0.029011490442026874 -0.024485844998102982 -0.07494795887491981 -0.06524758121351729 0.005976233817830977 0.03514676661510992 0.16575311053162756 0.027071402739372582 -0.035414547232631065 0.018682760338323213 0.14081741369625322 0.13247611217170113 0.03862596314436945 0.06364014347613024 0.012594753573267973 0.0217611540168183 0.06356537420625262 0.019388452744840537 0.16582371102452959 -0.05915337750953253 -0.110867201886539 -0.13983342798897816 
-0.21265415720167152 0.17747203282884733 0.3514983154277117 -0.3877815227670989 0.419709039743241 -0.4986477321855567 0.4092472366218104 0.15723084514379376 -0.17052168553307845 -0.13747934106506943 0.5906352400413836 0.3316840726168973 -0.20665122770734334 -0.6381842633076973 0.5767228187786191 -0.2133766191851024 0.535387561437722 -0.38240807714332736 0.23122308826811244 0.14074298923951217 -0.47335172603870934 -0.33167122001087035 0.2981030328712089 
0.5975079773512094 0.22630231902488254 0.014478621428810191 -0.10858668853863117 0.052078811902587424 -0.17965279750748922 -0.10980677674423626 0.10120496414485951 0.9787945788167671 -0.2251460610036938 -0.28050527170766293 -0.7882375419923358 -0.7151017064399772 0.009965783095767093 -0.3422449620453508 0.22317856401998118 -0.4139538097684762 -0.008034617142664593 0.4706356481507068 -0.33758677281504523 0.1684384897323658 0.4230738721672213 0.21636409294108172 
-0.2197645674635245 -0.09889758328707163 -0.18139717576866474 0.1082255069958052 0.27363413511660767 0.009580948926708811 0.022619689334679925 -0.13655733583313548 -0.07226784923255046 0.12334384499540979 -0.07681485105973894 0.08269081534872035 -0.19059611092469117 -0.10326251688886745 0.10565469394066246 -0.1045513469967332 0.019152137779410626 -0.4325019937357751 -0.25085148041661026 -0.28891566439559857 0.252024972045865 -0.0405525857629854 0.25389462408041436 
-0.6102996227311119 -0.08836209318183065 0.5930549292421173 0.11459859897472591 0.37330324249741187 -0.3743734119925102 0.5906347483494967 -0.26346199936415726 -0.8522619941035857 0.5359869234148507 -0.0013726180474829164 0.21477806022357304 0.007202555787443306 -0.6048567927457418 0.762901731101154 -0.2542743075330655 0.4997326628344729 -0.0012289943356944442 -0.4679061282401224 0.03448515802369527 -0.06847032122151096 -0.16471539305410263 0.03033653598877399 
-0.09131389925248237 0.2892290844662311 -0.20804034526024376 -0.5476459189438796 0.37939893520395024 -0.07583569538769842 -0.3047876401667844 0.2858677228739683 0.07587047070436866 -0.13383969792739228 -0.20318714751696715 0.0748000462519922 -0.051942410559467224 0.14072808645116427 0.027253082211254297 -0.049966777361728915 0.19566952166446402 -0.01275845424161719 0.4032015466302039 0.23438995934903145 -0.4480382985369113 0.48301270998077345 -0.11528061460269097 
0.48152589960361714 0.05049209427075998 0.6150921266942477 0.14255269644849602 -0.028476372217917056 -0.36335207277594744 0.3957141494225041 -0.14442247123305793 0.5511481972737973 -0.10566858011102946 0.2195193624695301 -0.7691572312302419 -0.677791951584537 -0.7066040447289912 0.018005368637209983 0.17357680449173452 -0.11049719267913471 -0.15511695623309177 0.17956517381123316 -0.503312985633458 0.17038578603457571 -0.2575086983824218 0.23384774371207281 
-0.25060217094650417 0.0431437462435862 0.14263907416784416 -0.10909652362456906 0.18023928031203965 0.0005511976947349403 -0.005909369910060546 0.07697199683760277 -0.21985527942720665 0.013831964025714301 0.023454350166224967 0.05015263541770583 0.09747825809547188 -0.07724459232280413 0.26547198542840583 0.04816998126422382 0.13588232205006032 0.038215626300360184 0.0598398093235702 0.2440663805869801 -0.22275006816341544 -0.03445560241780857 0.008356203088181436 
0.24805088190005092 0.27236953922784746 -0.36165672583128244 0.2195010577272279 -0.09956166783862394 -0.6801492776064187 0.8633478925191411 0.1362644499864428 -0.0029777536116937695 -0.9593357635932558 1.0410565245485464 0.6297530568932261 0.6582304123286891 0.035920827847598195 0.26050244083850155 -0.6909912007642359 -0.08814408229842924 -0.33491748214867373 -0.2902972578174002 0.05409783633975959 -0.13119203362156992 -0.8076514990877037 -0.13375180412537432 
-0.18315892812188128 0.016156809800897516 -0.025762820202489056 -0.061743713299585785 -0.4778977410926367 -0.05095585682495296 -0.5670065782452283 0.42949537206220384 0.7897706845833655 -0.7914923602689997 0.33326132331472386 -0.021637528663691924 0.6735488445359257 -0.09619118570667026 -0.14701235700299475 0.3248332940361957 -0.6741045494863073 0.2577273794770329 -0.03624263408886565 0.10327768011623403 0.5485959812132722 -0.6063990793131652 0.04498899042091884 
0.532798152420506 0.07946862124201712 0.07283110742290469 0.3573897059151838 -0.5284939240456032 -0.18161503766631756 0.3439290116666193 -0.1507190382038145 0.07315434193796434 -0.6185575771238613 0.1494429579371431 0.07681153571108044 0.2748288441726964 -0.08089100233565746 0.01036925355574257 0.1940689101989392 -0.42902391702574355 0.05388050866082717 -0.1560253776628206 -0.07892174349509216 0.0639167794206119 -0.51424997436344 0.003222130561627728 
0.8033437912416083 -0.24177958228214697 -0.17428082538483033 -0.025779934484157493 -0.5796175236384862 0.2760005239487958 0.10060852149932321 -0.11340592742108052 -0.01180152010154086 -0.44445276575962567 0.23799216221964 0.17572772423159327 0.10074170949211839 -0.03322670134326222 -0.3267329568573982 0.2980459938425746 0.027971696981537657 0.04500367887125545 0.11618579184319876 0.034444388440204435 -0.07912370152105563 -0.30314655095353665 0.03474439455833265 
-0.13197239771530866 0.6536754356801363 -0.07230182284477261 -0.06111410758490588 0.7097680924824141 -0.8582714182734267 0.2121982805517156 -0.15315262632846477 0.19249621664135239 -0.0498241550160408 -0.04179611116651363 0.07467042626972129 -0.2594915703770443 0.274220298137311 0.4810547251972806 -0.4479310974351984 -0.33037054801025406 -0.5812944176383383 0.07611570487378706 -0.1557441858732595 -0.0502763191806915 0.46110961175149584 0.22938313659343396 
0.6778667139505175 -0.11356319208515393 -0.6695010114430575 0.2572306928643867 -0.6473586820651541 0.1916898321572762 0.5780394227423342 0.30442960357440885 0.28374983418508737 -0.7752885619755521 0.7099411940385787 0.32441192398463786 0.5230353316067046 0.19650054400018982 -0.44502825738954865 -0.24876154820194538 -0.13653988776463483 -0.16182958278699786 -0.18890909217357915 -0.3406785386997866 0.2319635028911614 -0.6936343131725007 -0.09817907957727676 
-0.28714036540943466 0.09914704344730597 0.02243557084075902 -0.19918545878211438 0.10385734751467939 -0.21710721049214143 0.010129632705678064 0.11294799962464215 -0.13548203364290543 -0.05077320608916598 0.1142159568068932 0.21968765573477556 0.2306717073696993 -0.16020191743261353 0.2109956364159089 -0.2035442589732476 0.20612342582785206 0.0560895030321692 -0.06612045221645242 0.10185114836939606 -0.13523891646050454 -0.03683051491318962 0.04259621572096294 
0.10559671323774747 0.09101398098319766 0.3646983856875249 0.2244660339390292 -0.14118827014674157 -0.34472175689845236 0.5351872933818322 -0.10646962566333358 0.008005239167638912 -0.14663648864426782 0.40051244695209737 -0.16768586007966918 0.11797094856098655 -0.42071305078581644 0.1327797846429957 0.09283952081167739 0.16842047083182604 0.17204715154100542 -0.16802923242319703 -0.06750990207198013 -0.143064330935703 -0.42256102474105256 -0.025696312279441275 
-0.4719611139412949 -0.40547247173087825 -0.2625893645619606 0.2688158093621613 -0.6945700505920711 0.5354620815558874 -0.2850142193076341 0.17482444586821277 -0.25642184613566715 -0.17503929483721728 -0.1294296356728868 0.5250394447614886 1.0902369236406804 0.2569224505718471 -0.14149632261254017 0.17875233236333604 -0.1968185427178927 0.6647583873546146 -0.6903496375234708 0.19014526402691606 0.5045839051105094 -0.6088613312095796 -0.4311124565043422 
0.011127741938885941 -0.39863925637461933 -0.4185136730014582 0.9104641001661491 -0.31373493684795667 0.5465635829146912 0.4522424492888742 -0.6058933241298956 -0.6331576824513587 0.5987122368612657 -0.5661920614692219 0.6670339021258955 0.14039826875996106 0.33317878745107216 0.03805992704618731 -0.059698708593778044 -0.22078497101260317 0.03630189342281284 -0.9412209596244346 -0.3415881939341001 0.42532553993245437 0.03845195284103341 -0.1964250747024065 
0.3227966305684125 0.16965199605729878 -0.14702260122910837 0.27081423746052985 -0.014311486799406612 0.01758113562945856 0.007475173011730016 -0.3848453419487534 0.11551508124368376 0.04207745113043899 -0.268718184046742 0.0871943324586006 -0.25908370847179835 0.4670364444648042 0.013602565723868967 -0.017459154548152837 -0.3897307072865163 -0.22067388524900808 -0.12954469749421857 -0.17952026530093418 0.10446808015267471 0.21762587257658672 -0.024380702725265366 
0.7743182987764222 -0.13388507755481924 -0.07454032572756866 0.2553108739796025 -0.5476208415361974 0.004386198338848581 -0.19603867377726836 -0.15647965962108462 0.3321388428998322 -0.28355640815512695 -0.0010052254390833103 0.1930770594719664 -0.007231053882225064 -0.002327387642628547 -0.398467420987503 0.5007362603456416 -0.7274988932872788 -0.01572435479467944 0.025039934474989037 0.012180446132743038 0.0906779849910247 -0.14743143814347337 0.12426473325487118 
0.7105339989089636 -0.24277577850438986 0.3885372351140894 -0.338638524976296 -0.5072044928065607 -0.02782806541455392 -0.0317289195841254 0.27529744511637094 0.18235562407714298 -0.5405106618626657 0.4384290943663975 -0.3192154323198111 0.014797997410001 -0.4949400694513149 -0.2081319787374555 0.606919749001906 0.32667903480412835 0.2582517890332556 0.8766250447023471 0.3201262539078647 -0.5844760755255394 -0.5605290201686465 -0.06563804107945972 
-0.43079412560128716 0.13219956967467056 0.10011297850663156 -0.24380339431916848 0.26154892341098207 -0.3010228246619791 0.005827174128139925 0.16999149255489004 -0.037122743776015585 0.04182603792924686 0.20337091197588517 0.11315127376070436 0.14511826561797983 -0.07646627878448639 0.14978868690434796 -0.2363737230987258 0.16146087881394128 0.01751575079447557 0.07169411258855579 0.08611177324937562 -0.1494067742505922 -0.0003296761246096681 -0.0396088232441996 
0.28537950834170606 -0.42759694156393124 -0.06704398085973508 0.0038290715837559384 -0.16972135026784893 0.776838364704932 -0.2584697160231411 -0.02514958195402075 0.37233093721465166 0.40113702854168537 -0.3758042375603597 -0.4097379587307319 -0.3436418862446551 0.19845414783049836 -0.5798370438921474 0.1767289007842918 0.05859325766642402 0.04342340444729867 -0.06307757486832667 -0.47532854734333746 0.4315052543634903 0.3791541469475504 0.15006821632309744 
-0.2267003056474926 0.24141062835038338 0.026762806443866815 0.6132720878188969 -0.10973921635076177 -0.41358939434726694 0.6433225870938691 -0.6085172630502788 -0.8820147197130076 0.1353364401405857 -0.3479870064666161 0.9287636695529599 0.5186656900914528 0.29268335529645756 0.6989975510816164 -0.23373837076666493 -0.12200910024675617 0.2380144281492849 -0.6826122610686189 0.1632464902421504 0.07962136827076312 -0.08509396885123717 -0.3185742372352224 
-0.10497359243241304 0.04931408039564026 0.280783325319852 0.27886061632881276 0.18055272433687297 0.17776442649199195 0.8530121723808877 -0.31498823764919137 -0.5964466107638777 0.6075762424589327 -0.18219396547652808 0.10891169974313854 -0.28319435664015485 -0.015286531541312062 0.22752904078361869 -0.4737947359568084 0.6252297403069433 -0.16861360081261695 -0.29182060270509214 -0.4203087768764701 -0.13402680601863654 0.34643270733589693 0.023831076933977645 
-0.21119790135810151 0.40963825168661255 0.3449561528816163 0.21978651342657535 0.3577490764915312 -0.5165156324688409 -0.19599737238324938 -0.24720761350319653 0.3591877059313739 0.32212552592161153 -0.481227648368534 -0.45519029121540167 -0.45957289301092413 -0.02642828097609575 0.34644628651044107 0.11686647761643285 -0.5863943523617191 -0.05411900239417419 -0.04446770751092829 -0.2540438265840667 0.25644001465740657 0.4239468371605957 0.29057976912703437 
-0.015843817787289643 -0.6668276404564957 0.11114657755159196 -0.12476371706503535 -0.6847932991018391 0.9389412892376767 -0.6086459949845585 0.19119879573899448 0.02748213850885921 0.17390510015242736 -0.0812974054307893 -0.13151512276104715 0.24212399836644688 -0.29020648568628127 -0.5849649965988858 0.5668574880018814 0.09815678252358136 0.44207193002754486 0.05879180668821281 -0.0868816229076192 0.3269430473977198 -0.35317192774657125 -0.15236569722909202 
0.3932082390096737 -0.015959219602587376 -0.3712843708922587 0.2621336667873994 -0.39275303090971053 0.171308049583949 -0.23466507245677057 -0.195575375159221 -0.4276558980577709 -0.15621251140377082 -0.6048332029126615 0.5564774221531144 0.5003029709885976 0.7198821617035794 -0.018630762841415006 0.33392633677095307 -0.4469814162001403 0.4523270980836645 0.011776780027237912 0.5297243958401255 -0.21304467035975616 0.30498847988482347 -0.5817400592878568 
-0.26210978387786027 0.017970673724035782 0.02060952322371541 -0.14348062578128215 0.1777395647568588 -0.1577193203539822 0.08171388807482646 0.296420801898845 -0.10340884157511106 0.007586575984167676 0.24880739270583221 0.13303674174399588 0.2723983535157369 0.008322644023127447 0.189975881933545 -0.3084503390536068 0.22091416801528937 0.02024715949754086 -0.014530425663015762 0.0515122427046002 -0.031515772757211714 -0.147795889616453 -0.03637587079404865 
-0.6436856563340879 -0.4802053278909632 -0.17644275047356872 -0.7169877746635236 0.18889607816906775 0.7145328106744898 -0.42386545224652444 0.46570148816332824 -0.45428883544190257 0.3730394684107881 0.15833079536195896 0.12089803678097283 0.07197073520143334 -0.1706782681767329 -0.29724213928491156 -0.1254139970946382 0.8607971068614436 0.2283216603466033 -0.04882558476946964 0.09227057717065261 -0.40495025812472313 0.1252208858527259 -0.19431942628321872 
0.8497597721230656 0.11051501100067047 -0.02583698825325418 -0.03914210852619102 -0.3052937294431024 -0.5040768698562023 0.3697873884434346 0.04611583067991872 0.36701670499183287 -0.8377018712259126 0.5233740847075561 -0.14195417417905493 0.11166052686103267 -0.1699728078975273 -0.09232156771941677 0.13453528200654158 -0.2102587711552156 0.08689296013433537 0.5253444906465908 0.13491626259654046 -0.49831016726796107 -0.4326507488546025 -0.21151055651007813 
0.48011678365466354 0.23855139486912896 0.3028218561468761 0.527704786717917 -0.08834074352965221 -0.40208041097098995 0.5080932096823593 -0.6491336266186468 -0.13982947102196736 0.02375134982904128 -0.07244679956284246 -0.09405098656381253 -0.3867958274529766 -0.29275427717743163 0.3118051756488893 0.22507369832357343 -0.4794938397975829 -0.15195667781279482 -0.2009376168431389 -0.14206371360972608 -0.10727703493550973 -0.05132457059719139 0.1853178902634069 
-0.28631917600971857 0.3312787663993895 -0.009319208569671599 0.24066233616137805 0.2952339733592934 -0.30067342342326375 -0.4691364983599422 -0.4603007593605618 -0.004261611031530402 0.15600273459651678 -0.6328808840163933 0.09002293119308553 -0.22924859706935033 0.3807286520952718 0.33111121628421214 0.30061228696291153 -0.7034464674693772 -0.1274985749830807 -0.13984460677395583 0.13736180408292348 0.185746625047413 0.5205939978692671 0.12366043848745448 
-0.23472839842014626 -0.1654057797983182 0.09929925932515793 0.532418121017851 0.09582000444499114 0.12652751342549942 0.6767867976050195 -0.2685520267778465 -0.5260123865552137 0.7551586961666544 -0.29473774826683097 -0.15122739950050545 -0.3082673346588591 -0.1827107276041076 0.12262771965698167 -0.47798174457482795 0.3634650854818468 0.0961969622398873 -0.7748115486085863 -0.5794640814403121 0.2607812354411504 0.13387121961362658 -0.07427596894570154 
-0.630050564147117 0.20071332239184195 0.36836266300731924 -0.7056572553073112 0.06929806671097194 -0.489632422409804 -0.6939617003003006 0.25297230234898704 0.1317114002924392 -0.23893134999381546 -0.07030756978696036 -0.15437434845655626 0.6698090520309956 -0.03301219444106767 0.3876674812716814 0.2103656876333783 -0.15086382059155978 0.6211141623046632 0.584700721836748 0.6441312590623846 -0.24349510266759664 -0.05837105064782119 -0.26127285345798174 
-0.14469326379654335 0.11565928421316195 -0.09280237260014776 -0.22519243384325896 0.11871749947940781 -0.13185863909998946 -0.05749315247673733 0.3443180451997872 0.009162486180577403 -0.030021905474771658 0.2465430471038214 0.1795721686646814 0.04482938324709642 -0.10672119362353638 0.09445335434977328 -0.32426957210283075 0.3517557287145155 -0.06881757538386891 -0.010805275325308422 0.05059140258369434 -0.25691666795579504 -0.11684416025435869 -0.000688190278044361 
-0.012312056498900045 -0.26206200115222167 0.14153664963922885 -0.5158610169720663 -0.08324950721828091 0.46714156226603526 -0.43467473444184557 0.515948611112143 0.1556501648555448 0.055722498276651385 -0.20800801177872696 -0.6311523760839749 -0.001245659034824064 0.06398580464619869 -0.46353617395510666 0.17664428913559843 0.34840046614151765 0.5618022669090948 0.5291496813450755 0.28412582087069627 -0.3783902177581684 0.2823325091086524 -0.45797560304374435 
0.291256901928591 -0.1640398816259177 -0.04497964967786146 0.16456234710595946 -0.4775941030811595 0.26712999518534314 0.5248165904102674 -0.0617803793524974 -0.5042636439091623 0.02964437967595785 0.07992975872118002 0.1919195226481548 0.2373404203869249 -0.06446039608373454 -0.06658788851160521 -0.14837454961489363 0.42088491413792967 0.27348779460619976 -0.007012868992164053 0.12104077920127088 -0.23658578848012443 -0.3673885629908721 -0.35528621772890645 
0.2246486858117696 0.13106205357496895 0.013467743731590239 -0.49603020540284165 -0.01779298400341956 -0.20071117616856146 0.259681365225514 0.12210262750630965 -0.10741741336348908 -0.16238076277305669 0.22436529925886953 0.10143216356154577 0.04451475780480175 0.15079771062574807 0.2072848552706168 -0.06678979869004738 0.2989549775536596 -0.0006536040156537682 0.450034018574272 0.2893862011505006 -0.6002815903898703 0.07736626531513993 -0.08992983969487459 
0.18365654926498515 0.15263121128636276 -0.18994414218065309 -0.2519502406714285 0.2126503455411751 0.09819119584763196 -0.21226080931193858 0.14948598622147 0.019184291517079375 0.13478957316225174 -0.44309131244773947 -0.11717709165779203 -0.15435199200065794 0.2582824384952873 -0.11791603278150074 -0.032809863988535484 -0.025193871833020565 -0.017743685932833403 0.22378986392872882 0.12911526980615154 -0.415200892087143 0.6564439429540776 -0.2571333082008116 
0.2310317534619514 -0.09984529984359895 0.6216315605862724 0.7335048465996932 -0.35680127411399815 -0.26313164844354053 0.017589239847771942 -0.577971056419736 0.19986511324551837 0.37908156434598084 -0.6019041868383566 -0.18212489562600814 -0.4131702911335878 -0.29222973778858985 0.14453221397373578 0.3940081240877832 -0.9055535517211917 0.009843025144261056 -0.25375221948780596 -0.35805265047094514 0.6645609720063336 -0.19236062553259453 0.430084112457716 
0.05969717743472799 0.08242783027670067 -0.2418796606451404 -0.48236309218598117 0.17643943970917442 0.20715978679080665 -0.028420105022262908 0.15455878417131946 -0.18726094033886245 0.32600894063732233 -0.259938590946866 -0.40656584242138005 -0.29427092558079676 0.32960615817441474 -0.33216677086835655 -0.3175264913528734 0.6121660019957884 0.3081570882231596 0.3342427219969626 0.34657046251465984 -0.58919514631287 0.6477745744369967 -0.7110053868300684 
-0.2555327663514026 0.12474208100251571 -0.1440199720584374 -0.28656288877996955 0.26489647414727713 -0.03275645383313586 0.12389972353026149 0.2686428168627122 0.03798030729863242 -0.013777960532394594 0.28933687972059974 0.09085401166364708 0.11750975187635955 -0.12680933949155868 0.12532365082586217 -0.3334527703634259 0.23772548322987688 -0.009005831013746645 -0.007134693272521512 -0.002953091459033324 -0.22971802682408937 0.07714441765090221 -0.13227677794548978 
-0.4426041373962669 -0.4261484825255216 0.19841824026040433 0.31371093875976247 -0.1826012355910199 0.6362918886243843 -0.2511333410636413 0.16393253485612927 -0.3421701264554553 0.5820744612452463 -0.325226450680031 -0.1633606357932229 0.03418242937544194 -0.09733292234455442 -0.056280804508544655 0.08503427984116244 0.3931246498256561 0.39366624818945145 -0.31181439019073975 -0.026693404905416836 0.2112621605706858 -0.0728974480626076 -0.037521454287649164 
0.5265019970929185 0.37723834273228757 -0.8867735777436205 0.04010533894863419 0.13611601449871202 -0.3638858548400992 0.6450680244266174 0.046031360115434856 0.21095767917540176 -0.8192779167729671 0.47336850418153914 0.772827419621316 -0.08576993717944803 0.6897831322977855 -0.030236066251735895 -0.49212624580358405 -0.14866695959739043 -0.7741700717647149 0.3179939523210134 -0.0005464691897640705 -0.33237302256319046 0.2554205580528104 0.04200013003947239 
0.35408542356051603 -0.13968050742119553 -0.9355471030424714 -0.520942455380439 0.14991317981300611 0.3977674713242409 0.3085401064463254 0.33199139963372876 0.33471000821958596 -0.5346827135616438 0.6692751706582034 0.5025224001575096 -0.09279376412824404 0.3813016732266302 -0.5700782573412647 -0.27603527815260814 0.11849023194636499 -0.5989780838173072 0.520951050978075 -0.20186416712484076 -0.2117927259172599 0.022952930232740098 0.3188300262572737 
0.02627377879880319 -0.3688258769012834 -0.2882098122742489 -0.3637761713245903 0.06996673242884796 0.6726881216465712 -0.513548738579067 0.021017142859412204 -0.3760553265182585 0.4293745989403834 -0.6031623403776661 0.14414884776975995 0.24053309735529485 0.4044498415877841 -0.17776553049862043 0.03382541742406056 0.37439871747356374 0.2866486722935136 0.21357816972364477 0.4426600476923384 -0.38247828971625475 0.5281991825361244 -0.41689845771973383 
0.2547247265343786 0.2836433792465405 0.33872388352761823 0.31500556556059617 0.16501320490812033 -0.4031400487326386 0.19967317317469646 -0.2140890437049678 0.6586957286567547 0.015923356932414912 -0.07133784096104148 -0.4842718079718831 -0.7224188476209448 -0.2825957745686981 -0.10306673890802794 -0.06569635694617072 -0.3959860329531814 -0.348638477366433 0.016232248552957632 -0.5658082441846974 0.3186101037307974 0.11138501270724212 0.3934401771954878 
-0.2576703571357047 0.06583219635801184 0.041519034333316315 0.017646871433617716 -0.24134182563700735 -0.096068244883101 0.006511690782614713 0.26188127792638766 0.06414722583223628 -0.40919538927598337 0.10751440177137876 0.08226306902893413 0.49506166510266764 0.06393092351122684 -0.0033394329293105363 0.12077613404254481 0.11187921861202783 0.374100464647854 0.006803228106762642 0.20864764824951043 -0.19274117081383038 -0.36728677834558493 -0.3440414530881611 
-0.2311417161017287 0.011393558826564723 -0.12745060335683597 -0.2878454787935259 0.10096685998234224 -0.057749089920813276 0.05186352254715236 0.2903251466217305 -0.06240239605361994 -0.22096363956994705 0.2714858253457769 -0.07023046837782648 0.1607478211624189 0.06097328520907656 -0.09116691229281064 -0.2588743450118215 0.3106178912195308 -0.03527072360285094 -0.018770692412338506 0.07041068530172614 -0.08092070728620245 0.02506385243794326 -0.14119397795976207 
-0.3488100220753185 0.29083376428877483 0.5620600757221003 0.06213127345095147 0.44475683304200286 -0.44413992925937884 -0.19984677666641792 -0.10762430762060839 -0.23632624683021583 0.17027605203634583 -0.2853690667400637 -0.29603645908756737 -0.4683060002212161 -0.28027277552824764 0.4122610222614993 0.03245365510011271 0.017181193190376726 -0.014215338596605105 0.11799918531138748 0.21116003813758663 -0.16302184818016371 0.21774615854450208 0.18841099597614722 
0.6166777957415677 -0.2110348261147269 -0.5865542026146127 -0.4406166770295277 -0.19240865535130253 0.610126097068007 -0.11411313016059879 0.2505250233274343 -0.1994065307432832 -0.3656912625586056 -0.08143787617999712 0.35516517580014806 0.452976313852559 0.5389320825739967 -0.44450099655940667 0.12253308360249544 0.32598595474469416 0.3627766860645017 0.33983134229554685 0.5148516796168827 -0.9203232333198846 0.5194269974500227 -0.5775659579577918 
0.9583615510054911 0.24323843605606543 -0.7462235394773912 0.19887913642677882 -0.10250992137528155 -0.057260598881048334 0.4887930046016403 -0.1259254824359202 -0.19913235238830063 -0.45460514609802366 -0.17280222549994392 0.26924805495649345 0.0023486272257354475 0.9703060099731695 -0.2776848722625946 -0.14357064610934864 -0.346035851156641 0.21855638954030945 0.034278860599159744 0.19449226269489137 -0.5223945875140164 0.7615078935582884 -0.5877972791774161 
0.04430118194043378 0.00704589354891218 0.2056694716817002 0.3700811130305483 -0.20429198008090796 -0.09276602432504032 0.02517546764254529 -0.19085584372749137 0.04197707768474509 0.10192008949566835 -0.17446741972105898 0.15860572515069069 0.19443485241909064 -0.050877080538005263 0.14404055104687394 0.04062619668904954 -0.532855041662132 0.02353787063688507 -0.210609287259547 -0.26005868233503593 0.5975672837007132 -0.21786904552106384 0.1436140151652122 
-0.6542352040222648 0.11563869339170295 0.03767010319024423 0.44501548690299425 -0.07290019845576821 -0.47441664410176887 -0.09502838541677795 -0.18737741581287934 -0.3008244466694178 -0.12726934044549262 0.18062443825189917 0.7749433668689322 0.35042819086934857 -0.08604473930813043 0.4861566493966641 -0.13635295825709987 -0.6903311142666316 -0.38298510426176846 -0.7277736323045128 -0.16998349631688353 0.6288864075046879 -0.5691929656516826 0.30655406547516595 
0.17941901850797043 -0.1775038013625195 0.3492530032055334 0.26243388847014176 -0.5418172511111724 -0.18293257418761463 0.05078577625360393 -0.381876003804502 -0.41861063207533816 -0.21031271283390557 0.10412553569149656 0.616511816325146 0.2747294996031667 -0.39567591179608746 0.4226299946562677 0.5669560072041898 -0.2969782876219714 0.12750329356422063 -0.1581452939402412 0.443629903909034 -0.1076810297169702 -0.7376710888655411 0.12036156880592759 
-0.1282007587242106 0.043482346203249624 -0.06676014405494557 -0.30630284602464075 0.20024907685096394 0.010439462410840048 -0.020570443198797778 0.17032418979507422 0.04188767051711817 -0.07453178808978328 0.20894102646547202 0.0020277879285790167 0.13520644511262 0.00641650801728004 -0.03537361686584029 -0.32108331384303074 0.17681793130765353 -0.08213287412974936 0.0334251200191563 0.05460256836663664 -0.09373779493322155 -0.10099760960983473 0.005591946570943121 
0.19151716874949115 -0.4538555491446135 -0.025522354569874818 -0.03716026261119732 -0.6791152957041012 0.7169060307269753 -0.5565775287383711 0.32664399991586857 0.23601205654661941 0.03298285298591897 -0.15586933413858092 0.3516463770113187 0.3875631016867932 0.06251492385625605 -0.573558935856189 0.414040605184636 -0.25670159952514243 0.5397292990258282 -0.017591258994001126 0.08863795419146409 0.4172266887169677 -0.2462645459501018 -0.17403065880338753 
0.277247568035123 0.081397959508794 -0.8300900496523669 -0.20587244217584474 0.05450114840141295 -0.06376904647304237 0.08703576821064785 0.31709229487180346 -0.11208058107237866 -0.6382718246883876 0.5694823413844343 0.4984055128772883 0.22417594247411815 0.4380320631328428 -0.02054938648475057 -0.36470530061125767 0.3722584045351213 -0.33565727292281383 0.22657132418495868 0.28775648878029375 -0.3681319056585288 0.009662834422720638 -0.15072985337041953 
-0.15963582341100857 0.28745357280086653 -0.3694652504288412 0.1528913114848512 -0.05974937722478198 -0.3572697450696621 -0.2012934116497948 -0.011747605347385769 -0.06915832212157644 -0.3770349429362024 -0.04960549093703882 0.775589921328623 0.4015312430923541 0.25053406718247045 0.1572543781584176 0.08587990330399943 -0.31244408091044074 -0.008913657524961602 -0.19117904206600522 0.27178175827534196 0.12178176013788207 -0.05060429794158859 0.05602375619033811 
-0.343622385837129 -0.023371980435092747 0.27330564093834725 0.2369012386637363 0.3799854114461377 -0.19058288484431635 0.16998804739461498 -0.14240031831784467 -0.20832130156782064 0.29161803170300393 -0.01023910238693604 0.3790435945095402 -0.12840230159976895 -0.17128392424510114 0.4733330354977435 -0.1919120518170386 0.2201104796228543 -0.06405383802010617 -0.3471340368216887 -0.18686816053310246 0.14233159414171717 0.10237641508677242 0.30093374172881643 
-0.33513763218623216 -0.04187588421157865 0.1420925127512195 -0.18844567415583108 0.18436886200483288 -0.31784284123027806 -0.4293623377586336 0.09745339310283398 0.20679761158650017 -0.1482908731130391 0.10654518066997555 0.06432293504451954 0.07024895617210036 -0.11475545232862797 0.11091156792059272 -0.12679740044272636 -0.12512049863712632 -0.13095500944702845 -0.07788931216321952 -0.13951711250495266 0.18707367247058387 -0.00476382894351446 0.29660244024100724 
0.4650131754939767 -0.2719384977951743 -0.0712527059667937 0.013510191008863581 -0.35539442365803603 0.6330540113686619 -0.19363371509799912 0.3670462553927124 0.4956960293766102 -0.06581115314231155 -0.10531018546608581 -0.6188449122739978 -0.16031337423717065 0.10867499542882833 -0.7202419092096465 0.06773837991849438 0.11151908503286855 0.3115210489285234 -0.05784753737822614 -0.28071984520456017 0.21138125304752492 0.07560308303999576 -0.22319072948711036 
-0.1684633875743597 -0.038702882689341966 -0.1937704324198023 -0.13307658105794307 0.11077781393580263 0.03417206355971268 0.04910929850825377 0.24507709728739513 -0.005805921616886918 -0.13534801669910246 0.15510439582573268 0.08574499969886179 0.24495536229468498 0.007520352343420171 -0.07694925151972412 -0.2147918513275313 0.26954001786310744 0.0058351153710897805 0.08872556643639774 0.09274809458828127 -0.12843503608857398 -0.013252886495285164 -0.0568687844037599 
-0.03960066809033649 0.21253340065592982 0.08822899030830322 -0.1007284600781543 0.18435385832090354 -0.09192186766701094 -0.08470522686107927 0.049927754805181364 0.18144694980907156 0.03959535300175109 -0.004521016128335821 -0.3911847994629828 0.02736527419411451 0.08036385521314016 -0.030367703045618883 -0.25232554581210354 -0.09204091287061077 0.10213078803650451 0.10811384361223875 -0.0953874796577214 0.07431381185108617 0.1314110534263422 -0.0979943408734622 
-0.4574524408846738 0.5207280885817913 0.04375644048975292 -0.666721784499086 0.6755261090056364 -0.5583465275864161 -0.32036042439939943 0.4804054057858555 -0.29257691166637645 -0.13521949663888072 -0.0009154215335350086 0.0051885649939016265 0.23662720725679226 0.22351362305501252 0.290624090712242 -0.18343179388823017 0.44974224268683666 0.32678523695203715 0.5529071001172785 0.6541143634319659 -0.6533135125600945 0.5182364596049516 -0.2918661236127226 
-0.1558274281526123 0.287965877261323 0.22261285063601852 -0.15706464386749452 0.022025199075387848 -0.5109541282923564 -0.5498772153544553 0.2804431686944836 0.6416547530064356 -0.3256902462264983 0.23374713606289466 -0.09237636379707531 0.1590729018240611 0.03020968156446502 0.0833186347755424 0.395441160977697 -0.6010693619685051 -0.04537007678996819 0.38877306804194167 -0.21499426482887268 0.4365994285455461 -0.06326317036781501 0.31661769655184074 
0.19231518002902678 0.010254704443506296 0.5096916974636437 0.6750800699146092 -0.32855515900325594 -0.3516952417797603 0.1064611933646418 -0.4747000055634569 0.2665611478097404 0.14207008490209408 -0.15131940346855008 -0.12723932953412453 -0.22162920256760624 -0.3673361378985796 0.086128300300008 0.3754301891313289 -0.7278910493188476 -0.15200628526071258 -0.3341550501498038 -0.48576037487258367 0.8910375374394405 -0.3942505968019249 0.3522860758809252 
0.02567662274994447 -0.17434800279952734 0.3254859242319956 -0.044544129929120914 0.3192016496670089 0.6467282551072723 -0.28590254324660097 -0.4941833488093798 -0.7925130126369021 1.0745000301216658 -1.072626983134963 0.0900999617892755 -0.6162716264298654 0.11254643752056259 0.29864398942940723 0.5219324898707636 0.2803195993556996 0.1044202598496818 0.003952993222361336 0.4258889134687037 -0.36101896087010993 0.9145050193198933 -0.01084647703145928 
0.9204226309342225 0.01716093110508329 -0.37259429327954563 0.07216878513406134 -0.27283730113674926 0.13977286657198082 0.285054653869363 -0.1648549922569208 -0.14084805875567372 -0.05967988916818736 -0.2572677431376475 -0.18360898914569004 -0.19184621330670265 0.3693474939446739 -0.32077364868471564 -0.020442025543065814 -0.07291729943920723 -0.15075643659471863 0.07609047707707015 0.21513628494497158 -0.3661614998838066 0.22842373814483702 -0.17634909435660281 
-0.026485248072146004 -0.08518406535554954 -0.2052339226576713 -0.18276516637701323 0.005671911084946713 0.11966843985793266 0.08364034946252734 0.3595451303645578 0.09433152278635323 -0.06992918863277278 0.21019756445223856 -0.026880857358549497 0.0823657658560913 -0.033213250174580815 -0.007833651581758232 -0.1554193709601835 0.2932675460716766 0.0864323405069577 0.09874612643345557 0.0639237012171116 -0.1601991603048742 -0.09990756213278648 -0.07970605572996914 
-0.30474817022330297 -0.5568903409614625 0.23245979638950132 0.21989394991418168 -0.1515644677493859 0.828337207605426 -0.9618272825280055 0.22376276467777323 -0.1076112370629218 0.6465521469592409 -0.3304637741373384 -0.5045458298397633 0.03434637559539796 -0.0902848026719205 -0.4304578316719525 0.3807465831896499 0.00892435259473366 0.43636795924980964 -0.37264282189771863 0.13853683229464062 0.42422119409817854 0.21770909665236007 0.09640421648924763 
-0.023684298554570757 -0.11726660658514294 0.5537648799655948 0.046366654495601914 -0.23846394158480258 -0.304659238618192 0.00502705560057155 -0.027740359699693025 -0.2992841797580559 -0.15701306969162385 -0.0777707399991244 -0.06323526720670605 0.41673133418152414 -0.3140112025989869 0.3279502205042948 0.2764771561038281 0.12100274355616408 0.6036607417916581 0.03423074161165862 0.6070841529234631 -0.1158977022647841 -0.4991650097461129 -0.3332072864606902 
-0.057735613635103634 -0.35395456843589684 0.23883495666310592 -0.23165113376319935 -0.12852015640284617 -0.04307096019171543 -0.15476913896372452 0.23199166677724212 -0.4121129242726364 -0.023575312204063385 0.1314610097191784 0.005656104494348487 0.01424649220819923 -0.32605815199205845 0.11110973137168832 0.3327437066703676 0.47083815130751555 0.21942609848022415 0.34119355196608975 0.6464780315239536 -0.5949414836350748 -0.16216812891088153 -0.08532906949630135 
-0.20909777654135256 -0.16425318130115624 0.17606458662969213 -0.06792809656241834 -0.02472975078897425 0.19450617678694052 -0.32587293364652115 0.3495431856497724 -0.13999743584006938 0.04613169233270038 0.45031773525203067 -0.16590871646480107 0.04230903410493717 -0.4296194185758104 -0.06118659702232398 0.07920879346826344 0.376597595582053 0.031301426433692076 -0.19894267928282405 -0.07061827036665565 -0.05360040176126995 -0.16353038694047045 0.1929205928376677 
-0.4242996752095523 0.020511578629019627 0.18103649148363568 0.005015776714721775 0.1263665743330188 -0.39249261989557144 0.09589484740512529 -0.19669460819799658 -0.06486218555010771 -0.10682830526882614 0.19573446915870202 0.25505065580397934 0.004986959048922164 -0.3475710840392928 0.3220094554068205 -0.024658598735598673 -0.011394931871242114 -0.050002327414569205 0.06389776091622797 -0.0401225745149092 -0.12401357319589913 -0.28864535636222693 0.10564910018083921 
-0.08532409947040892 -0.5150384518137399 -0.06990813010738992 0.11083162982628855 -0.32253169945793997 0.7271276233523291 -0.3459800343958557 0.23286105831345502 -0.22529297732382236 0.39193928303651754 0.03470662524305447 -0.1937521559885205 0.1863873820278163 -0.05459798149411471 -0.30370507808220193 0.0458817131432083 0.4840089628515705 0.21823763903642968 -0.31566111608519654 0.17418742292222197 0.23263281012914314 0.17314572088175154 -0.125110051998938 
-0.19365021010730854 0.04838501793681471 -0.14102943395649942 -0.18731629319751225 0.0031629857375434557 -0.11853636759987773 0.13197428180112733 0.26382022886424294 -0.025508728445766137 -0.13845724318360506 0.26931406826238197 0.1397219864540825 0.11599343191340215 0.11359276722793958 -0.10291731349333 -0.1450475876841049 0.19548575091241022 -0.10689081008015161 -0.08889640014695746 0.07178746260082006 -0.06544703666616142 -0.11118468760728124 -0.048298480102195104 
-0.699186137995112 0.12018169211991615 0.34622324264943277 0.2987486445360366 -0.14915857083530637 -0.22792256551851225 -0.3934242433787543 -0.22551995314947954 -0.29695601079021744 0.2846300592181884 -0.3713697740505213 0.08843100075874412 0.5283283326237683 -0.12702468472669576 0.3102084251299268 0.18348744444716927 -0.40567579555894767 0.42785671044689083 -0.545047022044365 -0.01430094059290632 0.6746774190581125 -0.17093379435050068 -0.06040343434740919 
-0.48923925219053477 0.300894609388866 -0.12373826470483366 -0.3984156692964479 0.5667144531352102 -0.3457250255359492 -0.12143584536001215 -0.19807013440181015 0.03689547794017712 0.051378915020658944 -0.1127550583895133 -0.17242955006066427 -0.5239231937739183 0.13150122903368555 0.2998498834436123 -0.08988487075989836 -0.01370478228539853 -0.18260888015093377 0.3454389089282233 0.11652116421386977 -0.4685745421103681 0.4921758745394442 0.17711488094827746 
0.1331110922291419 0.1965712031711113 -0.28302984556448535 -0.0362716350507018 0.37035188306599004 0.06465944493987627 -0.5766983256637509 -0.29249498264601886 0.40355158466057267 0.27163834355131894 -0.6072062155299157 -0.223989347710617 -0.563877803497876 0.5715238540315782 -0.10081400714748205 0.1968524437518139 -0.4563124451451159 -0.14120524815651322 0.11846202720600787 -0.24101780433012746 0.05390383090245706 0.8791942485623321 0.1812520443717145 
-0.17036910334335295 0.06469403142424368 0.24576571043722958 -0.08441709837310066 -0.00959820427124961 0.09920919150001509 -0.16378492053007812 0.2939939884934592 0.5433514516028285 -0.07224825516987934 0.28946517378140973 -0.7051747098156007 -0.07395037897086403 -0.28687265930005823 -0.28147426983806584 -0.18088435645899506 0.4242071853543858 0.028811725249012158 -0.05379829888285059 -0.4201274631961281 0.1496016829567605 -0.06037490345647959 -0.09520621984915519 
-0.4418327384539739 0.06962100548236648 0.7680154158789895 -0.05140081092844766 -0.07431380335823838 -0.0761270614103391 -0.4417292701754675 0.19998843762647936 -0.09678582182410145 0.2980725428650315 -0.31740846946960893 -0.369871428879807 0.4222993696452279 -0.34310640232942957 0.2708851341499085 0.33173245497415926 0.0804430740975137 0.7522080264470384 -0.006183942147659378 0.2669846965198589 0.10817701582534618 -0.16929906698594593 -0.18690085363448083 
0.05365226933984378 -0.03559572615573311 -0.06202223908799539 -0.08482526630810262 -0.27435257816999364 -0.1356361274248253 0.17865841122053974 0.13112699910664824 -0.43113972072404627 -0.10705962675123366 0.1521503803453478 0.13931826444798376 0.6032859839607182 -0.04386870779648613 0.12593226274629432 -0.057965167449438776 0.33263374081081354 0.3735113636673146 -0.14048839780434738 0.4268609289583653 -0.06613366351939337 -0.3294629503255645 -0.42447248393415754 
-0.1522064206699235 -0.05072190069897241 -0.2377169719797764 -0.3109789671921441 0.08115031538417233 -0.038618382348767265 -0.07836797731936683 0.3289903586571335 -0.0033492115011883043 -0.07417837971221014 0.2897585984951458 0.1559628078360096 0.18957191646198887 0.04351615315944583 -0.07192148087897725 -0.1723372772980657 0.267323520775288 0.01398027748425237 0.09215826426445602 0.04797708482530995 -0.16760508324374962 -0.09328778290269782 -0.09409121346409241 
0.34245675554461796 0.23311689589696621 0.18294409826550986 0.20420044445274554 0.009078135189686044 -0.3173659354859433 -0.03374665660716508 -0.46562209120390624 0.38329965890956225 0.004915432150073732 -0.3843049277215527 -0.11378378764337667 -0.4334891196423372 0.03585381930376996 0.01077020862016375 0.14843848738117318 -0.7038558673625895 -0.2306914356942211 -0.11976671431163752 -0.36118065575520375 0.2593116199834605 0.20281950178740946 0.31884014285521367 
0.7516214329008584 0.4775379147956382 0.0830003708987336 0.35969919779371495 0.10528479739449441 -0.4122090661327164 0.2841227026330615 -0.4549702952620273 0.026343668264488498 -0.0013632825562600401 -0.4997155633944466 -0.24180663548885073 -0.5627378543306765 0.24253567668614762 0.05741613285777096 0.054094586185735385 -0.449672336403003 0.03234958758692067 0.1937383365542283 -0.13258531448575456 -0.1349803817539617 0.5827824514538729 -0.2321144333757582 
-0.3842248491787 0.43148612677987896 0.03581090655802054 -0.010775344804953228 0.3024422417436696 -0.28238078780606624 -0.4244001636291993 0.16450311233471165 0.23241659406914075 0.06323206880640544 -0.010837853740556904 -0.28440046226837096 0.394328645936959 0.25224471986315605 0.11774485884084379 -0.28034109347248776 -0.13357479890847843 0.37939342245906943 -0.10188224358696597 0.00709008219937003 0.18709629811236195 0.3312993321642634 -0.3562627396724595 
-0.6357398257348871 0.02294991367120159 -0.06402086466203262 0.08052641662453125 0.08991899744209655 0.06873670678726841 -0.31049077783648454 -0.061359736559053454 0.20084647616348444 -0.04417118053771017 -0.010063478162440024 0.013389491656471058 0.09475264437276566 0.07816160228480377 0.0220207238505781 -0.031696737594280516 -0.14175171607339773 0.025018614179473937 -0.124111023375893 -0.17365187470859547 0.4541362436700001 -0.12085679522697068 0.12496633367808954 
-0.6162306334385985 0.2591675307352745 0.2776669169571916 -0.39675122662426743 0.7611617897773613 -0.4931819451400509 -0.12089452082791784 0.19110069332017024 -0.009826774802216939 0.03474387735268431 0.40981386722743973 0.1065299196241328 0.02087977031253429 -0.26124612312923207 0.5443086305459786 -0.36157359216107615 0.29545731202043346 -0.4561129807415008 0.12127967186092037 -0.09657435703148386 -0.12594497406162677 -0.014765126996445766 0.32080160856324214 
0.28985068395978864 0.26142087879210196 0.05041492594408411 -0.3164093687743989 0.3018109030979969 -0.27408040293166847 -0.06591602888893462 -0.19270298751317858 0.02266949446394795 -0.16815969986879176 -0.2716389412533152 0.048233718398933347 -0.5527685479914929 0.1802501925389917 0.14669583596957572 0.043803357937665995 -0.2398231283132104 -0.39620951137533333 0.42012787385996625 0.11240169789775233 -0.37489578681461 0.5645073466079964 0.2726114264722132 
-0.1495059702494919 -0.1475368680198201 -0.03009024705114529 -0.24992326272382934 0.037399817844748 0.07405243372006443 -0.0073994535039402995 0.28539288237501476 -0.0060511733526309695 -0.021325427406107694 0.13198452777819888 0.046987069828172225 0.29020907483994607 -0.10744945868176937 0.08082502196741356 -0.16448074650098118 0.17303137191281262 0.05679261946596301 -0.09101495215348963 0.12501778445754697 -0.03840713773381692 -0.14317605723778037 -0.12799493044738033 
-0.1063106168148916 -0.25888719093526935 -0.09222978950075594 -0.008929900961752517 -0.28062500373222304 -0.019721490770130468 -0.5116766559565664 0.12026787927112824 0.3551603739147992 -0.3772652748219711 0.3306705264730219 0.37946209956613536 0.4245387149813686 -0.07743373938468606 0.12922978692845252 0.49137998512892983 -0.29806866928018 -0.12058234467371773 0.016314287460167373 -0.020600257559158574 0.15746432979988292 -0.548519765834308 0.3990111666047249 
0.5776343460223617 0.06080182796952735 -0.039511651368131166 0.16827743733387313 -0.014366625217324127 -0.27600611405233433 0.4670123371618698 -0.2995068170214195 -0.035032973140686596 -0.1797311650681258 0.15465479141721392 0.015469056566025423 -0.2621916731863991 -0.013453723391606066 0.18558450888357333 0.14588143484639313 -0.06058242442892632 -0.18154933266150955 0.02984534999293571 -0.19854802114141576 -0.15360407741246362 -0.20537125432558306 0.0688792161597222 
0.3967529873175361 -0.22034196121834473 0.26610079961506145 -0.38786431517709796 -0.27358308593342584 0.3554765499205118 -0.43818973763281654 0.3247046522355934 0.5328019479582095 -0.18298172045497907 0.20337347056330582 -0.7348039244743813 -0.23650227623271447 -0.14828814245806676 -0.5025031495443807 0.4092601438055243 0.2877522313939964 0.28461800254389674 0.5864553198464103 -0.013161870075194393 -0.35534671191332007 -0.19308816389155978 -0.008208494483732762 
-0.04543862888861983 -0.002139021680791698 0.29374912633481987 -0.18994022596309293 -0.11432257767599795 0.41640827149073795 -0.640078971922879 0.02599702475256022 0.5085294460339803 0.284706452545103 -0.41225905631488174 -0.9041141921613629 -0.3847443322870321 0.08654876997542643 -0.49415905657805453 0.3963682749268766 -0.15101119230231141 0.6105594138551487 0.28469843955760626 -0.10477691633349426 0.07607567206641444 0.38094721885466987 -0.21921535166406106 
-0.30635469985477776 0.29181588225477423 0.11423306928961116 -0.3243715053315725 0.3389719171702413 -0.3593119969086935 0.13506173495678075 0.36663618674643417 0.0006171826335597448 -0.1477166377358025 0.38241059254840915 -0.14533296206404314 0.11536406763948188 -0.12750597514210948 0.17993676760409297 -0.33648712030535627 0.5837149571020476 -0.0383272809648874 -0.012554608495789725 0.0693375085146578 -0.3049597365620282 -0.058929993327440054 -0.011999029099385857 
0.2983751803197365 -0.42162283102108233 -0.25801019357124905 0.0794380081199296 -0.36450968575548265 0.27229454099720496 -0.027568689225094267 -0.18123882812067502 -0.2995808208865202 -0.0036193417405912557 0.1370359358373352 0.720910634403631 0.22954128642074714 0.10367664872901103 -0.13184717590779615 0.2732767167223796 0.005544168591853032 -0.10910621050036307 -0.14387449232109462 0.05340771219395841 0.03669916466416198 -0.1312208741807931 0.11047725172175786 
-0.09756938320423841 -0.07721876984896081 -0.12536821390778355 -0.21285688707962716 -0.022082795519668887 0.08575751188786356 0.026104038265908954 0.22261471712951814 -0.1539375852152956 -0.11689225339252403 0.19083347176112347 0.18669773938276366 0.2829954088875192 -0.04210193954589876 -0.13586414367002866 -0.11016282414686751 0.1740309381197059 -0.02280280908246757 0.07950823606346798 0.05847315712300562 -0.09129205142105144 -0.0910005654467729 -0.035472957655695005 
-0.10229422817795568 0.2695009929893292 -0.19323881074773752 -0.09046727044694104 0.32417350455441774 -0.15239220488961322 -0.06863327325722021 0.043042669498164175 0.2922954349663298 -0.2148068324584471 0.034409697749212285 -0.008180605037562232 -0.2489850181938709 0.372451921611059 0.10763776489603238 -0.12430509272749615 -0.24246570232742704 -0.35506967935823674 0.17083984968454338 -0.21281615479261395 -0.1465283055658822 0.4352284196654417 0.08379900211986982 
0.20580487059779937 0.14558155057071767 0.10265402323953128 0.19922253267656775 0.10689727865976043 -0.18234478710905094 0.6236802650781762 -0.16514763515300776 -0.2460344034592722 -0.008675951461615119 0.06766465297702969 0.027066025225665754 -0.2432336278941758 0.029387879541432585 0.19143630147106871 -0.09986313152015815 -0.03532707350698738 -0.2772498342787208 -0.013891178321866988 -0.1428315855891243 -0.045628308349158604 0.2069517838725311 0.12232817802768847 
-0.5806968814201854 0.07254781708027977 0.17149039746069827 -0.08426727361898959 0.2645273910237611 -0.13159847501578562 0.1215587774839553 0.3522739356167482 0.0835834720273564 -0.008964703334654467 0.4506307914708342 -0.38857788586348213 0.34196789641944736 -0.21360598245723073 0.06892122025714588 -0.31278831572749966 0.2985083115458054 0.2067384239915558 -0.3255373671256211 -0.348798997774005 0.22539312578183351 -0.10513759985833863 -0.06395185927928251 
-0.7401515497755103 0.05222736243819873 0.07297779932193714 -0.27734475924137103 0.20695575571588629 0.1344395685255619 -0.2254501149236167 0.33048450689919745 0.09878489790315757 0.07575482886474968 0.2615267097482029 -0.48894302393926864 0.164361107925047 -0.1834901641992646 -0.04241927181617139 -0.39751658092457526 0.30590043669382916 -0.03406435110507178 -0.15155085247099653 -0.27838076528459293 0.3225651217745741 -0.13328994137345718 0.07873141833750531 
-0.8889199745540304 0.09953959176580329 0.55607070952316 -0.003481032689153491 0.10451227146548364 -0.20180809533634925 -0.09642482145016865 0.09183122508001798 -0.6518399132533864 0.3683514510076926 -0.005631281574281893 -0.02233405927658496 0.5022483348267394 -0.24708715613330606 0.5644758204834618 0.09468608024617627 0.5480156952379087 0.6421361222086142 -0.27671030279411446 0.3483723567246409 -0.0871808942252484 -0.1752941212812547 -0.2443326997879717 
0.0868724771665122 0.011837734490013905 -0.011444226798766437 -0.2019308422785854 0.24042237088041044 0.34491949097312585 -0.2112878358329343 -0.18748597041541054 0.14917591057639773 0.3760533267268308 -0.43452283584289353 -0.4795606490665382 -0.4628586733457012 0.1518069070214838 -0.0758137368696824 -0.008610678239891797 0.007918863695289519 -0.218864118227772 0.09352478458191264 -0.2619927901219861 -0.17526571375062447 0.5143677040847395 0.23320769300643213 
-0.23504672714208175 -0.057520293903961926 -0.08225916767530211 -0.1804118984334421 -0.060791592767125126 0.05749809080541367 -0.1106708044967353 0.23529471755278952 -0.11363517861473396 -0.09967050621944203 0.20501927340338186 0.17597226474719163 0.17666743479998748 -0.12208898695103278 0.050987735667949945 -0.11432889453850854 0.23734651507815474 0.02423313943575539 -0.06059872672648373 0.2437358316278339 -0.21436729615339867 -0.12423544215163419 -0.0726538475755979 
0.12553535493732831 0.16625244598596517 -0.15367902271361245 0.39187177220254604 0.30094238068201234 0.15124534653908192 0.5349342031730066 -0.49911442336960055 -0.3413618647272115 0.39718192530544993 -0.29717982711933927 0.25071535673022144 -0.6960202103539106 0.2293188572406755 0.17286016951852193 -0.07522154591019516 0.1138692333333885 -0.5655834302736105 -0.16803852115756587 -0.4566152733943325 -0.2529811339794609 0.6659394594828199 0.38658084722445557 
0.34703104553654324 -0.06985875940018424 -0.2895375693282119 0.4306715521995591 -0.4822506317871892 0.4320309125945954 -0.32398054274719984 -0.3170614014231113 0.35279405358739235 0.03182571524183866 -0.5082332589898944 -0.03659502744914442 0.1557874624015828 0.6365948538910537 -0.36683968428783215 0.3613359276083493 -0.5453315803216833 0.1405414328194827 -0.20857395270477008 -0.2363734245848611 0.5411283964490995 0.2526755957271034 -0.09900509026967227 
0.2121415357863651 -0.1779348612023889 0.13341818095866909 -0.018283728635376768 -0.4227053016170993 0.14934204564551945 -0.6873573074569954 0.020374839915258163 0.690864029190689 -0.24159052626472663 -0.24402197978805107 -0.3373620216123254 -0.05708824691810118 0.09196638482014695 -0.36702334784318064 0.7073194919613774 -0.6583246999262129 0.05498548259067102 0.3951899268294374 -0.025936242350581656 0.4126703918840036 -0.03667733489517525 0.24907743132106688 
0.1755109440002129 -0.1295277297663154 -0.16583631529891862 0.20839641135717984 -0.07277696357317406 0.025653925366156714 0.5404236574921 -0.3027636193235827 -0.2904928158354142 0.19493975598050048 0.19542426546740135 0.029604367198550426 -0.34951990864479027 0.18545744891405713 -0.07440640797628695 -0.10058670046832342 0.33811560668998636 -0.3916725735486758 -0.05960425801191419 -0.41999265558027243 -0.1335430461021041 -0.022144672281322077 0.08337441337598683 
0.2227831462191022 0.2009805154625578 -0.2185825945118946 0.30304412463647834 0.22964028977207554 0.0750863317587162 0.5160080630619367 -0.2524195216127309 -0.2486183642238524 0.3510091989396818 -0.3909934548735715 -0.19499481241957475 -0.23220676011994096 0.6612653624510684 -0.13046486227488371 -0.3061865100291314 0.09581655961468666 0.07961447120598505 -0.059537249932383594 -0.03713801653266792 -0.1861815040633083 0.7289285475819903 -0.33829330533121166 
0.7283781148459825 0.29465568017404487 -0.2168829358515863 0.4554752005874314 -0.15136965633069577 -0.007780814456399923 0.7005011674041564 -0.4077911194597545 -0.3117417825699429 0.09759421053062228 -0.3490890271327346 -0.015807947785702433 -0.35806446830206756 0.49318150844019043 0.056918079965168566 -0.06455093436426615 -0.16047692266671842 -0.13722845489129898 -0.2870467448085958 -0.31699844345484507 -0.22208724810988 0.43272003294989314 -0.1800296286163247 
-0.11344686783100465 -0.030894343727630405 -0.11949390818390643 -0.35854768827481964 0.07637459492435603 0.023132564365667983 -0.0311667837226608 0.35079682434539233 -0.22415578994609048 -0.04611504413339537 0.15387348915753046 0.16679179867757693 0.2714137178531653 0.043261505706235465 0.04594451878562487 -0.08493536232790992 0.2895894495698429 0.17308062911193287 0.08529140034228525 0.12850587973990799 -0.07995848341603433 -0.1499648499596741 -0.12644342811487616 
0.2307135563433837 0.2823159713046684 0.09559469774905723 -0.02736316875919702 0.5462850577201918 -0.5802080928369244 0.5443830928887945 -0.6717199103372596 -0.15428848717342145 -0.12215921724795592 0.15547992576988554 0.4560451106040238 -0.7806034528821364 -0.09187218910991314 0.602780300085835 0.13376844843030028 -0.14242212140011068 -0.9282762485855742 0.34459304123272694 -0.16653622433944432 -0.6134892202734901 0.25686150063036844 0.6446314493456646 
-0.17538961828457506 0.06400675334140213 -0.6016085552946946 0.8294603853903445 -0.05060021140240432 0.6051649856109582 0.11333280506850345 -0.30282282668434335 -0.634021159992712 0.5917940083929821 -0.7759487805527949 0.1954348062396563 0.45092363632303745 0.872663335907507 -0.2519436741102488 -0.42200904177492626 -0.3650973708446564 0.3195907660051667 -1.0481207101748857 -0.2153849856896555 0.6561213239122982 0.6193219987910461 -0.48639731709738643 
-0.129002823903315 -0.02694764177538951 0.15058777964123438 0.13340836980080834 0.19600560212613494 -0.032477185186917036 0.09344010210314989 -0.10768762969451667 -0.3577369287159897 0.2815067567167528 -0.1588609470842885 -0.025006707258946027 0.10681127188978638 -0.246436736894003 0.13489377417380732 0.3417800939530253 0.04483253746156128 0.08799253983553113 -0.1636595730281898 -0.13125499628619253 0.035915413081055315 0.05880397105720017 0.060480056467985474 
0.06985597688834719 0.02209538271516112 -0.21998473545341496 -0.008144044065603396 -0.06073818424138043 0.04755252430641141 0.20768296642439618 0.025959765921450238 -0.014044618575400913 -0.11156699779491418 -0.1835414850056532 -0.25327778585317157 0.11708379967327964 0.11718998192601983 -0.08437671727811329 -0.19061104576088272 0.23546364083816548 0.20943057542223684 0.0563343888833766 0.0350181253173846 -0.11874686985580353 0.20522108224283353 -0.3580235639148909 
-0.19256015306349103 0.40726084802137147 0.03895595078323595 -0.1801053304436713 0.23448201559275503 -0.761812962928149 -0.20661941145264334 0.01187045431122524 0.4734849270219084 -0.36439915826113717 0.27420970175473053 -0.28470820852231155 -0.06560133593661484 -0.06384661729572465 0.36900130308681356 -0.007508345793368587 -0.5308788198156776 -0.18792712139445603 0.41944275371692114 0.031132316844143533 0.06769796001319353 -0.021438744875777634 0.15861011727826926 
-0.07576573335124213 0.27095987367419255 0.39621339317560483 -0.43262083468327917 0.2867874348113862 -0.7664902475899474 -0.33895784376257815 -0.17370449516002523 -0.031060624383207256 -0.4151841064038328 0.16580329195157553 0.40104196791051644 -0.03574092365644493 -0.4230605716694704 0.6925047457968897 0.5738072317079677 -0.3704666731812914 -0.21655089010913 0.6533488933040765 0.48307642345126894 -0.6441684166950059 -0.19703901860251377 0.5258626355690066 

-0.5702945719293517 1.725664428705912 -0.12417683756413406 2.1653281557040245 -0.9644889549401233 0.36052359956518165 -2.6872400548227797 -0.404720879220896 -0.8827198186493633 -0.02601907913873929 1.0352523811346648 -0.8587150559872068 -1.4173173928064817 0.8751264231560917 -0.11354851214961076 -0.3997849100495212 -0.8558496646850832 -1.2202460793991232 -0.9033771818041557 -1.8271508283931104 -1.1297886001551622 -1.3862173921898282 0.9899551933027781 1.2356318885736093 -0.9035160279065367 0.35926014178336724 -0.021125364041955128 -1.6609229843162188 -0.5090022062106099 -0.10753015664387273 0.8704547890921981 1.4800818171469925 -2.0900219878428796 -1.4252202253786659 -0.11519310825851943 -0.2457321332273326 -0.35871245218494635 0.5056911272404562 -1.8861670502865973 -1.433906324309297 0.41802016903862355 0.07614991254512443 1.6681896394352087 -0.5895614787306299 -0.8245487067327522 -0.5231922714364448 -1.4934888208767891 0.300037607397573 1.678483289741436 -2.3379194834819925 -0.5193487458904825 0.38374412575567424 -0.8261752004964626 1.9991403995871473 -1.3644991350602045 1.674076167016956 -1.3626603223892733 0.027127384758741366 0.2624064452623014 -1.8356760180774183 -0.9807084020193786 1.8691631885491373 -0.5488994689887786 0.20589689683525175 -0.1339125934253793 0.8735055771769143 -1.6341212396721658 -2.1143551944480867 0.19055001913524738 0.392222186865704 -0.18712859912037627 0.7752309023508112 -1.9476934098445546 0.6230248406794322 1.6769780290277716 -0.9237926224014119 -0.5453524481822123 1.5846552542155283 -0.425331704012447 -1.6096075859202976 -0.4638712568197003 -0.8581582905198752 -1.880551512097411 -2.073467601549315 0.6841775737644307 0.6770006782594561 -0.4749794680055437 0.88025883269705 -0.6405166364965387 1.226933924102959 -0.869995125769469 0.7240600712125099 1.1458579852012771 -1.9342813875238023 -1.876260630779797 -0.29366168072838317 0.20061626458822668 2.0219453224011943 -0.779900090759702 0.8039975531660037 -0.5093157191200781 0.25288832248701865 0.29878789790757676 -0.2674606957711897 -2.6280041397011615 0.15470929026733046 0.9421224230599047 -2.1428184421009058 1.560510667678244 -1.3203421316451438 1.3642779284777906 -1.6380713278636392 -1.2385929808236211 -1.952123390358692 -0.9217122932352374 0.04803393209221001 0.04437959076313741 0.5582058820094555 0.9676885988459974 -0.2849142191497229 0.7927511543114789 -0.5604448117071672 -1.401556229471463 -0.33402664472245547 -2.42407973007976 -0.38598781378560704 0.33364181055851533 -0.5708148048326522 -1.3259893293834706 -1.4506297347801715 1.5387960372667993 -0.5782800856487418 0.11224490909241266 0.6770202560214896 -1.677173109830921 0.01807805922451003 -1.8892477777369538 0.1620009173269106 0.5886858335364572 -0.26999732230702456 1.1773245996820276 -1.4354002144718807 -0.5506576172063938 -0.7881235501187277 0.19117582917940976 -0.2782828644262308 -1.8997552082033276 -0.9068726961915541 -2.404677874643396 -0.40161766720162206 1.0915492323058886 1.2769270577547582 1.414391526768148 1.0997653448038014 -1.5502682498048164 -0.1637872654587262 -0.7159059463234522 -0.33542814781264596 -0.011895268961215833 -1.692057970130047 -0.7153775144934453 1.550883244039677 0.5109004875060104 0.5075560309908451 -0.6909003543551596 -0.7398007364652892 -1.565485315258693 2.300021151531957 -0.5235118348242084 -0.8000821101819326 -1.1184743616521535 2.7102928921083937 -0.7974986876838407 -1.0301258711197707 -0.8289301165309664 -0.9119245858561177 -0.03195913865647622 -1.0274121055303649 -0.4448774853459889 -0.795772536317518 -2.5618028929556846 -1.575050993944253 2.0398660648747766 -0.15029629957852245 1.1775203269164582 -1.3813358728428384 -0.18712957877943545 -0.7750771559819969 0.2714297540810986 -0.04349007704831784 0.8778607424858119 -2.349333574017674 0.8080156993135935 0.036676077531245174 -0.06309325138941578 0.7551924270460527 -2.766617571896056 -0.002321213418342122 -1.9891475978410387 -0.6019976917809454 0.15966997175500738 -0.194034325524975 0.3737336772917298 0.49262319858705145 0.6595682223425977 0.3447379552422868 -1.615453693630231 
